# task3 发送日志（CV1 协议）
# 时间：2026-10-08 22:14:15+0800
# 端口：/tmp/ttyCV1A
# 来源：live 实时接入任务二（/home/tony/Projects/PythonProjects/opencv/task2）：相机 0：1280x720 @30.0fps fourcc=MJPG；自动曝光（config.CAMERA_LOCK_EXPOSURE=False）；标定参数 1280x720，RMS 0.9948 px；Tag 边长 138.0 mm，目标 ID 0
# 说明：下面每一条就是串口上实际写出的字节（结尾是真的 CRLF = 回车+换行）。
$CV1,0,0,0,-1,0.0,0.0,0.0,0.000000,0.000000,0.000000*38
$CV1,1,360,0,-1,0.0,0.0,0.0,0.000000,0.000000,0.000000*3C
$CV1,2,553,0,-1,0.0,0.0,0.0,0.000000,0.000000,0.000000*39
$CV1,3,666,0,-1,0.0,0.0,0.0,0.000000,0.000000,0.000000*3D
$CV1,4,766,0,-1,0.0,0.0,0.0,0.000000,0.000000,0.000000*3B
$CV1,5,866,0,-1,0.0,0.0,0.0,0.000000,0.000000,0.000000*35
$CV1,6,966,0,-1,0.0,0.0,0.0,0.000000,0.000000,0.000000*37
$CV1,7,1069,0,-1,0.0,0.0,0.0,0.000000,0.000000,0.000000*01
$CV1,8,1167,0,-1,0.0,0.0,0.0,0.000000,0.000000,0.000000*01
$CV1,9,1268,0,-1,0.0,0.0,0.0,0.000000,0.000000,0.000000*0C
$CV1,10,1366,0,-1,0.0,0.0,0.0,0.000000,0.000000,0.000000*3B
$CV1,11,1466,0,-1,0.0,0.0,0.0,0.000000,0.000000,0.000000*3D
$CV1,12,1566,1,0,112.4,123.6,487.9,-0.155563,-0.229135,-0.037416*35
$CV1,13,1666,1,0,107.0,89.6,478.9,-0.203229,-0.117452,-0.009960*04
$CV1,14,1770,1,0,106.8,62.1,463.9,-0.209064,-0.075921,-0.016631*0C
$CV1,15,1885,1,0,109.6,41.5,447.1,-0.237844,-0.079928,-0.062495*0F
$CV1,16,2003,1,0,113.7,25.7,430.7,-0.283631,-0.094531,-0.111712*08
$CV1,17,2119,1,0,113.4,16.9,415.1,-0.275670,-0.097827,-0.114629*06
$CV1,18,2230,1,0,112.0,9.0,404.8,-0.307064,-0.118864,-0.103144*36
$CV1,19,2342,1,0,108.1,0.7,389.9,-0.284885,-0.166024,-0.089754*38
$CV1,20,2456,1,0,103.7,-4.7,382.8,-0.288459,-0.177652,-0.060395*16
$CV1,21,2572,1,0,97.8,-16.7,368.8,-0.255326,-0.190378,-0.019558*16
$CV1,22,2688,1,0,96.6,-23.7,359.4,-0.240910,-0.191727,-0.000683*1D
$CV1,23,2799,1,0,101.3,-26.0,343.5,-0.208591,-0.216652,-0.044951*29
$CV1,24,2916,1,0,107.2,-26.0,334.4,-0.199420,-0.221917,-0.097715*2B
$CV1,25,3036,1,0,112.7,-26.6,326.8,-0.227521,-0.243003,-0.132233*29
$CV1,26,3150,1,0,116.8,-29.4,321.9,-0.232038,-0.223227,-0.119619*25
$CV1,27,3266,1,0,121.3,-34.8,319.1,-0.273097,-0.191149,-0.109364*21
$CV1,28,3383,1,0,122.9,-37.5,310.5,-0.255305,-0.163346,-0.102319*23
$CV1,29,3499,1,0,126.4,-36.4,305.1,-0.287753,-0.221855,-0.103724*28
$CV1,30,3612,1,0,131.4,-36.0,307.8,-0.277827,-0.325339,-0.141247*29
$CV1,31,3724,1,0,137.0,-35.6,316.4,-0.226890,-0.499576,-0.165313*24
$CV1,32,3839,1,0,135.9,-34.8,323.0,-0.188356,-0.590924,-0.170768*2B
$CV1,33,3943,1,0,131.6,-33.8,329.0,-0.150982,-0.622115,-0.162874*27
$CV1,34,4052,1,0,126.1,-32.0,337.2,-0.087429,-0.624071,-0.149394*25
$CV1,35,4162,1,0,118.3,-31.0,341.4,-0.083624,-0.557206,-0.120459*2A
$CV1,36,4270,1,0,108.8,-30.6,342.5,-0.097522,-0.391607,-0.101711*23
$CV1,37,4380,1,0,99.3,-30.6,341.1,-0.139046,-0.158649,-0.083563*1A
$CV1,38,4493,1,0,87.8,-32.5,334.6,-0.214191,0.087346,-0.080956*3A
$CV1,39,4607,1,0,79.3,-33.5,330.9,-0.277428,0.190182,-0.086724*36
$CV1,40,4722,1,0,71.9,-37.3,323.6,-0.362239,0.233461,-0.111814*31
$CV1,41,4836,1,0,67.5,-41.2,321.4,-0.399760,0.223851,-0.122924*30
$CV1,42,4953,1,0,61.9,-43.6,320.8,-0.423178,0.227814,-0.129256*39
$CV1,43,5066,1,0,54.1,-46.7,321.6,-0.409715,0.221334,-0.137319*3C
$CV1,44,5178,1,0,48.3,-47.0,323.1,-0.381271,0.224475,-0.145632*37
$CV1,45,5293,1,0,44.2,-43.1,326.1,-0.351919,0.107446,-0.160539*38
$CV1,46,5410,1,0,41.4,-39.6,326.5,-0.317661,0.052220,-0.171613*35
$CV1,47,5518,1,0,33.7,-38.3,330.8,-0.250850,0.011235,-0.144589*3E
$CV1,48,5629,1,0,34.6,-38.9,327.7,-0.199824,-0.057604,-0.148906*1E
$CV1,49,5740,1,0,38.7,-38.1,327.2,-0.151600,-0.068807,-0.139065*16
$CV1,50,5851,1,0,42.6,-38.3,318.6,-0.110709,-0.148157,-0.117412*1D
$CV1,51,5960,1,0,44.1,-37.5,326.3,0.002664,-0.091308,-0.113250*33
$CV1,52,6065,1,0,46.0,-38.1,325.4,0.042734,-0.130789,-0.126680*3B
$CV1,53,6171,1,0,48.3,-38.5,325.9,0.064963,-0.127544,-0.139899*3F
$CV1,54,6275,1,0,50.4,-37.6,327.1,0.055438,-0.117701,-0.149503*3F
$CV1,55,6378,1,0,51.8,-37.9,329.4,0.069596,-0.120708,-0.153343*35
$CV1,56,6483,1,0,51.6,-37.8,333.5,0.082796,-0.129864,-0.156484*32
$CV1,57,6586,1,0,52.4,-38.4,333.9,0.077974,-0.059818,-0.149820*30
$CV1,58,6693,1,0,52.0,-36.7,333.8,0.061511,-0.033707,-0.142232*37
$CV1,59,6796,1,0,49.5,-35.2,334.3,0.052009,-0.018604,-0.141142*37
$CV1,60,6900,1,0,46.9,-33.3,333.9,0.020998,-0.007925,-0.141469*3F
$CV1,61,7000,1,0,43.0,-31.5,338.0,0.020853,-0.098422,-0.144627*3B
$CV1,62,7100,1,0,38.4,-30.4,338.7,0.012144,-0.142369,-0.155969*33
$CV1,63,7204,1,0,33.6,-29.3,340.7,-0.013757,-0.067100,-0.172021*1F
$CV1,64,7306,1,0,30.6,-29.5,339.8,-0.014207,-0.131686,-0.181602*18
$CV1,65,7401,1,0,28.9,-31.2,340.5,-0.037874,-0.130453,-0.204762*1F
$CV1,66,7494,1,0,27.1,-30.4,339.9,-0.088997,-0.032669,-0.209286*10
$CV1,67,7590,1,0,26.3,-31.4,338.8,-0.147384,0.024673,-0.208586*3B
$CV1,68,7684,1,0,24.1,-35.2,334.7,-0.211998,0.070672,-0.193601*39
$CV1,69,7781,1,0,24.4,-36.6,330.6,-0.266732,0.031198,-0.200997*3A
$CV1,70,7878,1,0,26.1,-39.6,326.8,-0.301229,0.010971,-0.218897*31
$CV1,71,7974,1,0,24.1,-46.1,327.4,-0.323828,0.034127,-0.216417*31
$CV1,72,8067,1,0,20.7,-53.0,326.8,-0.305314,0.032958,-0.205681*35
$CV1,73,8164,1,0,18.8,-57.5,328.0,-0.290152,0.029223,-0.209827*3B
$CV1,74,8265,1,0,16.6,-63.9,330.5,-0.272938,0.020787,-0.197443*39
$CV1,75,8369,1,0,19.4,-67.9,334.2,-0.258014,0.001500,-0.205417*37
$CV1,76,8467,1,0,22.7,-72.5,338.2,-0.290779,0.031002,-0.209195*3D
$CV1,77,8561,1,0,21.6,-77.3,341.4,-0.288752,0.025021,-0.179111*3E
$CV1,78,8660,1,0,24.3,-77.8,344.0,-0.271272,0.018399,-0.194197*3B
$CV1,79,8761,1,0,24.1,-76.2,345.6,-0.253316,0.024367,-0.193902*3A
$CV1,80,8861,1,0,24.0,-71.0,345.0,-0.234461,0.025410,-0.209265*3B
$CV1,81,8962,1,0,23.7,-64.9,344.6,-0.224514,0.032389,-0.217130*3D
$CV1,82,9054,1,0,24.0,-62.7,343.1,-0.222498,0.035302,-0.220769*32
$CV1,83,9139,1,0,23.3,-60.7,342.4,-0.216494,0.044019,-0.215028*3B
$CV1,84,9216,1,0,22.1,-53.6,341.1,-0.229441,0.046851,-0.211397*37
$CV1,85,9310,1,0,22.5,-47.2,339.5,-0.237717,0.049910,-0.218491*33
$CV1,86,9410,1,0,23.2,-39.0,338.7,-0.247151,0.068675,-0.222346*31
$CV1,87,9510,1,0,24.3,-31.6,337.4,-0.243587,0.075245,-0.221303*37
$CV1,88,9610,1,0,25.2,-23.9,337.5,-0.247280,0.076800,-0.210548*31
$CV1,89,9710,1,0,27.4,-18.0,337.0,-0.237194,0.065752,-0.203491*3D
$CV1,90,9810,1,0,29.3,-15.2,337.3,-0.232009,0.065063,-0.199527*36
$CV1,91,9910,1,0,29.3,-14.5,338.9,-0.226480,0.065887,-0.193450*3C
$CV1,92,10073,1,0,29.7,-14.2,339.9,-0.223947,0.062150,-0.194763*0A
$CV1,93,10167,1,0,31.2,-14.1,340.0,-0.216216,0.067187,-0.199467*0B
$CV1,94,10267,1,0,30.9,-14.9,340.2,-0.217763,0.062731,-0.193191*01
$CV1,95,10361,1,0,32.1,-15.8,339.3,-0.221423,0.065109,-0.197374*07
$CV1,96,10443,1,0,32.5,-16.1,339.9,-0.234801,0.066048,-0.195491*06
$CV1,97,10523,1,0,32.9,-17.4,339.1,-0.236608,0.062408,-0.196112*0C
$CV1,98,10610,1,0,33.6,-17.7,339.2,-0.233839,0.064039,-0.200600*0F
$CV1,99,10710,1,0,33.0,-17.7,339.2,-0.234826,0.069705,-0.197288*0C
$CV1,100,10810,1,0,32.6,-18.2,338.8,-0.225048,0.067590,-0.198662*3B
$CV1,101,10910,1,0,32.7,-17.7,339.4,-0.227069,0.066532,-0.192899*35
$CV1,102,11010,1,0,35.1,-18.7,340.5,-0.242272,0.070545,-0.169551*3E
$CV1,103,11110,1,0,38.8,-23.3,343.4,-0.263056,0.053283,-0.090181*31
$CV1,104,11210,1,0,45.3,-29.0,345.5,-0.267902,0.009560,0.010978*18
$CV1,105,11310,1,0,48.9,-32.7,347.7,-0.268450,-0.063428,0.150108*31
$CV1,106,11410,1,0,53.4,-32.2,347.5,-0.266973,-0.126455,0.310755*35
$CV1,107,11510,1,0,58.5,-24.1,346.6,-0.291294,-0.185633,0.489578*32
$CV1,108,11611,1,0,68.1,-12.7,347.2,-0.365968,-0.197954,0.680255*32
$CV1,109,11719,1,0,78.7,2.6,351.1,-0.349414,-0.206937,0.906912*2B
$CV1,110,11830,1,0,95.0,25.7,343.7,-0.263972,-0.252963,1.185752*1E
$CV1,111,11939,1,0,106.2,36.0,349.0,-0.175295,-0.157073,1.295474*2B
$CV1,112,12047,1,0,112.9,45.8,338.7,-0.189382,-0.146293,1.376153*2C
$CV1,113,12157,1,0,120.1,56.6,339.1,-0.159529,-0.103011,1.467292*25
$CV1,114,12268,1,0,119.6,65.8,336.6,-0.151078,-0.107741,1.533634*21
$CV1,115,12380,1,0,120.8,69.5,338.2,-0.154194,-0.080583,1.581195*29
$CV1,116,12484,1,0,125.9,66.1,340.7,-0.146421,-0.092299,1.588783*23
$CV1,117,12585,1,0,129.7,58.4,342.1,-0.153957,-0.111110,1.573169*2A
$CV1,118,12694,1,0,129.2,51.5,339.8,-0.140220,-0.141794,1.568365*2C
$CV1,119,12809,1,0,120.6,48.3,337.0,-0.138807,-0.145216,1.578135*2F
$CV1,120,12921,1,0,97.9,46.8,332.4,-0.143550,-0.118520,1.589194*14
$CV1,121,13035,1,0,81.4,45.1,323.3,-0.119112,-0.117815,1.588810*12
$CV1,122,13150,1,0,65.5,44.6,308.3,-0.100617,-0.151931,1.589584*19
$CV1,123,13265,1,0,44.1,42.7,294.2,-0.080652,-0.180572,1.589786*17
$CV1,124,13381,1,0,27.5,40.6,295.2,-0.067365,-0.168331,1.591353*12
$CV1,125,13497,1,0,7.5,38.5,298.5,-0.093322,-0.157029,1.584175*2B
$CV1,126,13606,1,0,-3.6,40.6,301.5,-0.082365,-0.143354,1.573695*0B
$CV1,127,13719,1,0,-11.9,43.7,299.3,-0.064867,-0.160322,1.578419*31
$CV1,128,13832,1,0,-21.6,45.9,300.1,-0.039417,-0.133552,1.575185*36
$CV1,129,13950,1,0,-27.7,46.4,302.2,-0.033935,-0.119667,1.572553*38
$CV1,130,14064,1,0,-34.2,45.3,307.4,0.001763,-0.119214,1.575873*10
$CV1,131,14176,1,0,-38.8,42.3,317.0,0.025373,-0.134277,1.572986*12
$CV1,132,14286,1,0,-43.1,36.0,334.6,0.036143,-0.131753,1.573243*19
$CV1,133,14402,1,0,-44.4,32.7,348.7,0.017371,-0.112197,1.574845*1D
$CV1,134,14513,1,0,-44.4,30.5,364.0,0.036840,-0.127114,1.567917*11
$CV1,135,14629,1,0,-45.8,29.5,377.4,0.069362,-0.133869,1.566578*1A
$CV1,136,14740,1,0,-47.0,28.6,392.4,0.034761,-0.106504,1.564490*1E
$CV1,137,14850,1,0,-48.0,28.2,407.3,0.023082,-0.101651,1.562300*16
$CV1,138,14958,1,0,-49.1,28.6,415.1,0.038543,-0.109333,1.560242*1B
$CV1,139,15064,1,0,-50.3,28.5,417.6,0.023215,-0.106240,1.557125*13
$CV1,140,15169,1,0,-51.6,28.7,415.3,0.044430,-0.114484,1.554416*1B
$CV1,141,15273,1,0,-51.4,28.0,402.7,0.040083,-0.108367,1.544023*19
$CV1,142,15371,1,0,-51.6,30.3,385.2,0.050679,-0.124742,1.549122*1E
$CV1,143,15469,1,0,-51.4,33.3,361.6,0.066664,-0.144570,1.555129*14
$CV1,144,15570,1,0,-49.3,36.2,335.8,0.067619,-0.129541,1.558174*18
$CV1,145,15669,1,0,-44.4,37.4,309.2,0.041338,-0.124702,1.563027*1F
$CV1,146,15776,1,0,-40.2,38.3,282.8,-0.014982,-0.109120,1.569763*33
$CV1,147,15882,1,0,-37.1,39.1,258.5,-0.033067,-0.096834,1.571990*3B
$CV1,148,15990,0,-1,0.0,0.0,0.0,0.000000,0.000000,0.000000*31
$CV1,149,16100,0,-1,0.0,0.0,0.0,0.000000,0.000000,0.000000*32
$CV1,150,16214,0,-1,0.0,0.0,0.0,0.000000,0.000000,0.000000*3C
$CV1,151,16325,0,-1,0.0,0.0,0.0,0.000000,0.000000,0.000000*3E
$CV1,152,16433,0,-1,0.0,0.0,0.0,0.000000,0.000000,0.000000*3D
$CV1,153,16545,0,-1,0.0,0.0,0.0,0.000000,0.000000,0.000000*3C
$CV1,154,16653,0,-1,0.0,0.0,0.0,0.000000,0.000000,0.000000*3F
$CV1,155,16765,0,-1,0.0,0.0,0.0,0.000000,0.000000,0.000000*3A
$CV1,156,16873,0,-1,0.0,0.0,0.0,0.000000,0.000000,0.000000*31
$CV1,157,16982,0,-1,0.0,0.0,0.0,0.000000,0.000000,0.000000*3F
$CV1,158,17093,1,0,-64.7,36.4,235.8,0.060429,-0.104145,1.553393*1A
$CV1,159,17210,1,0,-70.1,37.0,262.5,0.055109,-0.067260,1.555563*15
$CV1,160,17317,1,0,-73.9,37.4,281.9,0.042979,-0.049834,1.557281*10
$CV1,161,17424,1,0,-77.4,38.1,301.6,0.074325,-0.065301,1.550450*1B
$CV1,162,17520,1,0,-79.9,39.3,318.4,0.068439,-0.091455,1.539152*15
$CV1,163,17620,1,0,-83.3,40.7,332.9,0.064052,-0.112903,1.530597*12
$CV1,164,17726,1,0,-87.2,41.2,344.9,0.050892,-0.119364,1.524969*19
$CV1,165,17826,1,0,-92.2,42.7,356.6,0.069176,-0.108222,1.518128*11
$CV1,166,17915,1,0,-94.8,42.3,365.2,0.079560,-0.101254,1.520625*14
$CV1,167,18007,1,0,-96.7,41.6,372.6,0.087110,-0.097791,1.525926*10
$CV1,168,18099,1,0,-99.0,39.1,387.2,0.096665,-0.086202,1.536125*15
$CV1,169,18189,1,0,-100.5,36.8,401.9,0.100095,-0.067120,1.544238*25
$CV1,170,18282,1,0,-101.1,34.3,413.4,0.114551,-0.065661,1.549247*2A
$CV1,171,18381,1,0,-101.6,29.9,426.2,0.111230,-0.043393,1.550439*26
$CV1,172,18488,1,0,-104.9,27.2,438.9,0.096876,-0.020515,1.548994*28
$CV1,173,18582,1,0,-109.5,22.9,448.9,0.110574,-0.009141,1.542487*21
$CV1,174,18671,1,0,-115.5,20.8,452.4,0.132946,0.030926,1.537288*09
$CV1,175,18757,1,0,-124.0,20.0,453.6,0.127724,0.062936,1.536904*07
$CV1,176,18846,1,0,-129.3,19.8,449.4,0.136430,0.076998,1.533595*08
$CV1,177,18946,1,0,-137.1,19.5,437.7,0.172409,0.071472,1.521116*0A
$CV1,178,19046,1,0,-143.8,18.6,422.9,0.186637,0.075315,1.514191*00
$CV1,179,19146,1,0,-149.4,19.0,407.2,0.189113,0.077534,1.505807*02
$CV1,180,19246,1,0,-147.8,18.9,395.9,0.211900,0.037682,1.503586*0A
$CV1,181,19346,1,0,-139.2,19.2,389.0,0.205448,0.037599,1.511296*0F
$CV1,182,19446,1,0,-126.0,18.8,382.7,0.165029,0.028866,1.525909*0F
$CV1,183,19546,1,0,-111.6,18.6,374.9,0.132203,0.006422,1.537199*0E
$CV1,184,19646,1,0,-97.0,17.7,363.6,0.112889,-0.022045,1.554093*1E
$CV1,185,19746,1,0,-83.9,18.6,356.1,0.086760,-0.037230,1.570782*1C
$CV1,186,19846,1,0,-74.2,17.7,347.4,0.045577,-0.050946,1.587456*1A
$CV1,187,19946,1,0,-68.0,18.3,337.8,0.031033,-0.056503,1.604348*18
$CV1,188,20050,1,0,-65.9,19.9,326.3,-0.005149,-0.043589,1.614662*3B
$CV1,189,20163,1,0,-68.4,20.6,307.1,-0.020609,-0.039872,1.613173*3F
$CV1,190,20277,1,0,-71.7,20.4,296.7,-0.009962,-0.072287,1.609475*39
$CV1,191,20390,1,0,-73.8,19.4,288.5,0.005290,-0.072120,1.601802*17
$CV1,192,20501,1,0,-76.1,19.3,277.7,-0.024970,-0.058911,1.593116*3E
$CV1,193,20605,1,0,-78.2,21.1,271.1,-0.008176,-0.074941,1.585755*31
$CV1,194,20701,1,0,-80.2,22.9,266.1,0.027170,-0.107402,1.580655*14
$CV1,195,20796,1,0,-81.5,23.3,264.9,0.034336,-0.118175,1.579287*18
$CV1,196,20890,1,0,-82.1,21.9,268.5,0.037135,-0.117674,1.580914*11
$CV1,197,20987,1,0,-82.3,19.8,273.6,0.038444,-0.105987,1.583278*18
$CV1,198,21079,1,0,-83.2,19.0,276.8,0.035551,-0.101934,1.584037*17
$CV1,199,21170,1,0,-84.6,18.7,280.3,0.039569,-0.110522,1.582314*11
$CV1,200,21255,1,0,-87.3,18.6,289.4,0.058554,-0.106926,1.580603*18
$CV1,201,21347,1,0,-90.1,19.4,300.5,0.069930,-0.094108,1.584502*19
$CV1,202,21446,1,0,-91.8,19.7,308.5,0.066952,-0.086173,1.582663*19
$CV1,203,21546,1,0,-94.2,19.5,322.6,0.083647,-0.085623,1.572724*13
$CV1,204,21646,1,0,-96.7,18.7,337.6,0.101355,-0.074117,1.569464*19
$CV1,205,21746,1,0,-98.7,17.4,355.4,0.098645,-0.060183,1.566675*1D
$CV1,206,21846,1,0,-102.7,15.7,377.2,0.091033,-0.045363,1.561762*21
$CV1,207,21946,1,0,-106.3,15.3,390.9,0.095703,-0.055954,1.557941*22
$CV1,208,22046,1,0,-109.5,15.7,402.9,0.092955,-0.061090,1.559938*2A
$CV1,209,22146,1,0,-110.9,14.7,414.4,0.081360,-0.055867,1.563729*2B
$CV1,210,22246,1,0,-111.0,14.1,426.6,0.082734,-0.036766,1.562733*2A
$CV1,211,22346,1,0,-110.6,11.9,433.1,0.094343,-0.031788,1.560188*23
$CV1,212,22446,1,0,-110.6,12.8,437.9,0.103907,-0.023209,1.562671*20
$CV1,213,22546,1,0,-110.0,12.2,436.0,0.104036,-0.013709,1.567017*2D
$CV1,214,22646,1,0,-109.4,12.5,429.7,0.118208,-0.014260,1.568360*28
$CV1,215,22746,1,0,-109.8,11.5,421.9,0.133889,-0.026261,1.568078*21
$CV1,216,22849,1,0,-110.8,11.0,409.1,0.151415,-0.022427,1.571470*24
$CV1,217,22947,1,0,-111.4,9.5,394.8,0.146746,-0.028269,1.574121*10
$CV1,218,23046,1,0,-110.3,9.1,376.3,0.145677,-0.030253,1.573304*11
$CV1,219,23146,1,0,-110.9,8.9,359.8,0.133029,-0.036607,1.574479*11
$CV1,220,23246,1,0,-112.4,10.2,340.2,0.116587,-0.035445,1.584453*21
$CV1,221,23346,1,0,-114.4,11.4,322.5,0.127801,-0.059973,1.603718*20
$CV1,222,23446,1,0,-116.9,10.3,310.7,0.148831,-0.048985,1.651683*29
$CV1,223,23546,1,0,-120.5,8.4,302.4,0.103684,-0.013912,1.738664*16
$CV1,224,23646,1,0,-123.0,4.6,301.0,0.084038,0.036558,1.872530*39
$CV1,225,23746,1,0,-123.7,-0.6,305.8,0.131970,0.047491,2.006812*16
$CV1,226,23846,1,0,-125.5,-6.1,303.2,0.208626,0.006647,2.123169*19
$CV1,227,23947,1,0,-127.6,-12.2,301.6,0.303579,-0.058172,2.224483*08
$CV1,228,24047,1,0,-128.6,-19.0,304.1,0.320115,-0.044587,2.326533*08
$CV1,229,24146,1,0,-129.8,-24.1,310.8,0.265325,-0.024557,2.445108*01
$CV1,230,24247,1,0,-131.0,-28.0,310.8,0.196718,-0.017687,2.573420*07
$CV1,231,24351,1,0,-131.6,-30.5,310.7,0.110725,-0.041518,2.686067*0D
$CV1,232,24453,1,0,-126.0,-34.1,318.6,-0.055264,0.015224,2.766429*0A
$CV1,233,24556,1,0,-122.5,-34.6,316.9,-0.039027,0.019954,2.830702*01
$CV1,234,24661,1,0,-119.4,-33.5,312.8,0.112550,0.016733,2.877795*24
$CV1,235,24770,1,0,-119.6,-30.9,306.8,0.272906,0.053776,2.907787*23
$CV1,236,24861,1,0,-118.3,-28.6,295.2,0.298699,0.267315,2.936670*2E
$CV1,237,24949,0,-1,0.0,0.0,0.0,0.000000,0.000000,0.000000*3C
$CV1,238,25046,1,0,-121.2,-27.7,288.7,0.088089,0.355302,2.994056*28
$CV1,239,25146,1,0,-121.9,-26.0,297.0,0.035002,0.263754,3.013057*2C
$CV1,240,25248,1,0,-123.7,-26.2,302.2,0.148915,0.183604,3.021708*2F
$CV1,241,25348,0,-1,0.0,0.0,0.0,0.000000,0.000000,0.000000*37
$CV1,242,25446,1,0,-122.5,-23.9,302.3,0.153501,0.177411,3.023869*2D
$CV1,243,25549,1,0,-122.3,-22.4,305.6,0.130894,0.088597,3.013980*25
$CV1,244,25655,1,0,-120.8,-23.2,304.8,0.290290,0.044830,2.977488*25
$CV1,245,25757,0,-1,0.0,0.0,0.0,0.000000,0.000000,0.000000*39
$CV1,246,25855,1,0,-122.1,-24.5,296.2,0.386076,0.019666,2.928168*2A
$CV1,247,25956,1,0,-127.0,-23.7,290.0,0.359885,0.025660,2.936664*27
$CV1,248,26061,0,-1,0.0,0.0,0.0,0.000000,0.000000,0.000000*35
$CV1,249,26162,1,0,-130.7,-24.3,275.8,0.397274,0.040627,2.915832*2E
$CV1,250,26262,0,-1,0.0,0.0,0.0,0.000000,0.000000,0.000000*3D
$CV1,251,26356,0,-1,0.0,0.0,0.0,0.000000,0.000000,0.000000*3A
$CV1,252,26456,1,0,-128.0,-21.4,271.2,0.319475,0.059271,2.916244*22
$CV1,253,26553,1,0,-129.0,-21.9,269.9,0.261990,0.116515,2.919788*24
$CV1,254,26655,0,-1,0.0,0.0,0.0,0.000000,0.000000,0.000000*39
$CV1,255,26753,1,0,-134.6,-19.4,279.5,0.186789,0.118779,2.949317*2C
$CV1,256,26859,1,0,-134.9,-19.3,289.4,0.211861,0.089423,2.948471*2B
$CV1,257,26962,1,0,-132.5,-16.8,297.5,0.219382,0.139451,2.906103*28
$CV1,258,27059,1,0,-133.3,-2.2,308.5,0.112933,0.215515,2.817204*19
$CV1,259,27160,0,-1,0.0,0.0,0.0,0.000000,0.000000,0.000000*34
$CV1,260,27270,0,-1,0.0,0.0,0.0,0.000000,0.000000,0.000000*3C
$CV1,261,27388,0,-1,0.0,0.0,0.0,0.000000,0.000000,0.000000*3B
$CV1,262,27503,0,-1,0.0,0.0,0.0,0.000000,0.000000,0.000000*3D
$CV1,263,27612,0,-1,0.0,0.0,0.0,0.000000,0.000000,0.000000*3F
$CV1,264,27714,0,-1,0.0,0.0,0.0,0.000000,0.000000,0.000000*3F
$CV1,265,27820,0,-1,0.0,0.0,0.0,0.000000,0.000000,0.000000*36
$CV1,266,27924,0,-1,0.0,0.0,0.0,0.000000,0.000000,0.000000*30
$CV1,267,28029,0,-1,0.0,0.0,0.0,0.000000,0.000000,0.000000*3A
$CV1,268,28137,0,-1,0.0,0.0,0.0,0.000000,0.000000,0.000000*3B
$CV1,269,28238,0,-1,0.0,0.0,0.0,0.000000,0.000000,0.000000*36
$CV1,270,28342,0,-1,0.0,0.0,0.0,0.000000,0.000000,0.000000*32
$CV1,271,28442,0,-1,0.0,0.0,0.0,0.000000,0.000000,0.000000*34
$CV1,272,28539,0,-1,0.0,0.0,0.0,0.000000,0.000000,0.000000*3A
$CV1,273,28633,0,-1,0.0,0.0,0.0,0.000000,0.000000,0.000000*32
$CV1,274,28727,0,-1,0.0,0.0,0.0,0.000000,0.000000,0.000000*31
$CV1,275,28821,0,-1,0.0,0.0,0.0,0.000000,0.000000,0.000000*39
$CV1,276,28916,0,-1,0.0,0.0,0.0,0.000000,0.000000,0.000000*3F
$CV1,277,29012,0,-1,0.0,0.0,0.0,0.000000,0.000000,0.000000*32
$CV1,278,29106,0,-1,0.0,0.0,0.0,0.000000,0.000000,0.000000*39
$CV1,279,29197,0,-1,0.0,0.0,0.0,0.000000,0.000000,0.000000*30
$CV1,280,29284,0,-1,0.0,0.0,0.0,0.000000,0.000000,0.000000*37
$CV1,281,29380,0,-1,0.0,0.0,0.0,0.000000,0.000000,0.000000*33
$CV1,282,29479,0,-1,0.0,0.0,0.0,0.000000,0.000000,0.000000*31
$CV1,283,29578,0,-1,0.0,0.0,0.0,0.000000,0.000000,0.000000*30
$CV1,284,29676,0,-1,0.0,0.0,0.0,0.000000,0.000000,0.000000*3A
$CV1,285,29772,0,-1,0.0,0.0,0.0,0.000000,0.000000,0.000000*3E
$CV1,286,29870,0,-1,0.0,0.0,0.0,0.000000,0.000000,0.000000*30
$CV1,287,29967,0,-1,0.0,0.0,0.0,0.000000,0.000000,0.000000*36
$CV1,288,30064,0,-1,0.0,0.0,0.0,0.000000,0.000000,0.000000*3B
$CV1,289,30158,0,-1,0.0,0.0,0.0,0.000000,0.000000,0.000000*34
$CV1,290,30250,0,-1,0.0,0.0,0.0,0.000000,0.000000,0.000000*37
$CV1,291,30346,0,-1,0.0,0.0,0.0,0.000000,0.000000,0.000000*30
