# task3 接收日志（收到的原始字节，含真实 CRLF）
# 时间：2026-10-08 22:06:16+0800
# 端口：/tmp/vport/ttyCV1B，115200/8N1
$CV1,0,0,0,-1,0.0,0.0,0.0,0.000000,0.000000,0.000000*38
$CV1,1,100,0,-1,0.0,0.0,0.0,0.000000,0.000000,0.000000*38
$CV1,2,200,0,-1,0.0,0.0,0.0,0.000000,0.000000,0.000000*38
$CV1,3,300,0,-1,0.0,0.0,0.0,0.000000,0.000000,0.000000*38
$CV1,4,400,0,-1,0.0,0.0,0.0,0.000000,0.000000,0.000000*38
$CV1,5,500,0,-1,0.0,0.0,0.0,0.000000,0.000000,0.000000*38
$CV1,6,600,0,-1,0.0,0.0,0.0,0.000000,0.000000,0.000000*38
$CV1,7,700,0,-1,0.0,0.0,0.0,0.000000,0.000000,0.000000*38
$CV1,8,800,0,-1,0.0,0.0,0.0,0.000000,0.000000,0.000000*38
$CV1,9,900,0,-1,0.0,0.0,0.0,0.000000,0.000000,0.000000*38
$CV1,10,1000,0,-1,0.0,0.0,0.0,0.000000,0.000000,0.000000*38
$CV1,11,1100,0,-1,0.0,0.0,0.0,0.000000,0.000000,0.000000*38
$CV1,12,1200,0,-1,0.0,0.0,0.0,0.000000,0.000000,0.000000*38
$CV1,13,1300,0,-1,0.0,0.0,0.0,0.000000,0.000000,0.000000*38
$CV1,14,1400,0,-1,0.0,0.0,0.0,0.000000,0.000000,0.000000*38
$CV1,15,1500,0,-1,0.0,0.0,0.0,0.000000,0.000000,0.000000*38
$CV1,16,1600,0,-1,0.0,0.0,0.0,0.000000,0.000000,0.000000*38
$CV1,17,1700,0,-1,0.0,0.0,0.0,0.000000,0.000000,0.000000*38
$CV1,18,1800,0,-1,0.0,0.0,0.0,0.000000,0.000000,0.000000*38
$CV1,19,1900,0,-1,0.0,0.0,0.0,0.000000,0.000000,0.000000*38
$CV1,20,2000,0,-1,0.0,0.0,0.0,0.000000,0.000000,0.000000*38
$CV1,21,2100,0,-1,0.0,0.0,0.0,0.000000,0.000000,0.000000*38
$CV1,22,2200,0,-1,0.0,0.0,0.0,0.000000,0.000000,0.000000*38
$CV1,23,2300,0,-1,0.0,0.0,0.0,0.000000,0.000000,0.000000*38
$CV1,24,2400,0,-1,0.0,0.0,0.0,0.000000,0.000000,0.000000*38
$CV1,25,2500,0,-1,0.0,0.0,0.0,0.000000,0.000000,0.000000*38
$CV1,26,2600,0,-1,0.0,0.0,0.0,0.000000,0.000000,0.000000*38
$CV1,27,2700,0,-1,0.0,0.0,0.0,0.000000,0.000000,0.000000*38
$CV1,28,2800,0,-1,0.0,0.0,0.0,0.000000,0.000000,0.000000*38
$CV1,29,2900,0,-1,0.0,0.0,0.0,0.000000,0.000000,0.000000*38
$CV1,30,3000,0,-1,0.0,0.0,0.0,0.000000,0.000000,0.000000*38
$CV1,31,3100,0,-1,0.0,0.0,0.0,0.000000,0.000000,0.000000*38
$CV1,32,3200,0,-1,0.0,0.0,0.0,0.000000,0.000000,0.000000*38
$CV1,33,3300,1,0,-78.2,94.9,437.1,-0.256448,-0.295980,-0.168766*13
$CV1,34,3400,1,0,-73.4,81.9,424.8,-0.217966,-0.170216,-0.158598*19
$CV1,35,3500,1,0,-71.8,72.4,412.7,-0.156334,-0.048393,-0.103860*15
$CV1,36,3600,1,0,-70.2,68.7,399.5,-0.138432,-0.029960,-0.050322*12
$CV1,37,3700,1,0,-61.1,69.2,388.6,-0.135642,-0.087130,-0.001597*1B
$CV1,38,3800,1,0,-54.4,68.0,382.0,-0.133177,-0.101263,0.012253*3A
$CV1,39,3900,1,0,-52.9,64.4,380.4,-0.096449,0.005455,0.019646*19
$CV1,40,4000,1,0,-53.1,55.9,387.6,-0.156523,0.016787,0.027674*18
$CV1,41,4100,1,0,-54.3,53.5,387.1,-0.166668,-0.025669,0.026720*32
$CV1,42,4200,1,0,-54.7,51.9,382.9,-0.137500,-0.005381,0.025608*35
$CV1,43,4300,0,-1,0.0,0.0,0.0,0.000000,0.000000,0.000000*38
$CV1,44,4400,0,-1,0.0,0.0,0.0,0.000000,0.000000,0.000000*38
$CV1,45,4500,0,-1,0.0,0.0,0.0,0.000000,0.000000,0.000000*38
$CV1,46,4600,1,0,-62.5,42.5,361.5,-0.118852,0.001772,-0.031857*37
$CV1,47,4700,1,0,-59.7,38.2,356.4,-0.103151,0.011718,-0.032742*37
$CV1,48,4800,1,0,-56.9,34.6,354.6,-0.104554,0.016472,-0.030367*31
$CV1,49,4900,1,0,-57.2,29.9,352.8,-0.114054,0.053081,-0.018117*32
$CV1,50,5000,1,0,-58.5,25.7,350.8,-0.110878,0.111362,-0.033367*3D
$CV1,51,5100,1,0,-60.2,21.4,347.9,-0.101903,0.110868,-0.057698*3B
$CV1,52,5200,1,0,-61.6,18.7,347.6,-0.108536,0.116907,-0.069535*3C
$CV1,53,5300,1,0,-61.9,18.2,348.9,-0.132652,0.130254,-0.078858*31
$CV1,54,5400,1,0,-64.8,16.5,349.9,-0.154591,0.119575,-0.138426*3E
$CV1,55,5500,1,0,-70.3,17.5,348.3,-0.153187,0.130540,-0.207496*37
$CV1,56,5600,1,0,-76.1,19.2,346.9,-0.148458,0.138684,-0.282940*3B
$CV1,57,5700,1,0,-79.9,20.7,344.2,-0.156828,0.097129,-0.330920*34
$CV1,58,5800,1,0,-79.3,22.9,343.4,-0.178482,0.072147,-0.365932*33
$CV1,59,5900,1,0,-81.2,25.0,341.1,-0.182793,0.067498,-0.382886*3E
$CV1,60,6000,1,0,-81.6,25.9,340.4,-0.193087,0.059001,-0.366391*3B
$CV1,61,6100,1,0,-80.1,26.6,339.9,-0.216705,0.035187,-0.338424*36
$CV1,62,6200,1,0,-78.9,26.9,340.2,-0.227348,0.020601,-0.345642*39
$CV1,63,6300,1,0,-79.2,27.6,339.7,-0.224193,0.058210,-0.395349*39
$CV1,64,6400,1,0,-79.9,26.5,339.6,-0.228456,0.061826,-0.392344*3E
$CV1,65,6500,1,0,-81.3,26.7,341.1,-0.223736,0.064774,-0.363777*30
$CV1,66,6600,1,0,-81.7,26.8,341.9,-0.221144,0.087005,-0.357481*33
$CV1,67,6700,1,0,-82.4,26.3,343.1,-0.226511,0.086291,-0.350996*33
$CV1,68,6800,1,0,-84.6,27.4,343.7,-0.221333,0.087594,-0.339793*31
$CV1,69,6900,1,0,-85.2,27.7,344.1,-0.215104,0.100972,-0.339116*36
$CV1,70,7000,1,0,-85.6,27.7,345.6,-0.216686,0.107473,-0.328407*34
$CV1,71,7100,1,0,-86.0,27.3,345.9,-0.214300,0.104758,-0.321525*32
$CV1,72,7200,1,0,-86.1,26.7,347.4,-0.220242,0.096712,-0.318127*31
$CV1,73,7300,1,0,-86.5,25.8,346.8,-0.220601,0.093810,-0.318541*3B
$CV1,74,7400,1,0,-87.3,26.1,347.1,-0.223612,0.093244,-0.325296*37
$CV1,75,7500,1,0,-89.4,27.2,347.2,-0.225405,0.087212,-0.352699*30
$CV1,76,7600,1,0,-91.2,27.8,347.1,-0.231516,0.081594,-0.388789*38
$CV1,77,7700,1,0,-93.0,28.1,347.3,-0.248926,0.068444,-0.433309*3D
$CV1,78,7800,1,0,-94.5,28.8,346.8,-0.262552,0.057889,-0.467849*34
$CV1,79,7900,1,0,-97.9,30.1,345.9,-0.265359,0.046023,-0.514577*3E
$CV1,80,8000,1,0,-99.7,30.5,345.6,-0.268576,0.042312,-0.546959*31
$CV1,81,8100,1,0,-101.6,30.8,344.3,-0.265034,0.043888,-0.576081*01
$CV1,82,8200,1,0,-103.5,31.6,343.6,-0.268419,0.042195,-0.603937*0A
$CV1,83,8300,1,0,-104.6,31.4,342.7,-0.265633,0.042536,-0.614106*0A
$CV1,84,8400,1,0,-105.1,32.6,342.3,-0.262640,0.047721,-0.623714*0A
$CV1,85,8500,1,0,-105.4,32.7,341.5,-0.261460,0.047583,-0.621543*00
$CV1,86,8600,1,0,-106.1,30.9,343.0,-0.261807,0.042074,-0.594777*00
$CV1,87,8700,1,0,-107.2,24.2,346.6,-0.248568,0.072163,-0.505288*09
$CV1,88,8800,1,0,-107.2,18.2,348.7,-0.215407,0.119329,-0.391864*0A
$CV1,89,8900,1,0,-104.8,14.3,352.2,-0.200577,0.156513,-0.306427*03
$CV1,90,9000,1,0,-98.6,8.1,356.8,-0.197683,0.197188,-0.210525*03
$CV1,91,9100,1,0,-93.2,0.1,356.6,-0.196340,0.256953,-0.126892*06
$CV1,92,9200,1,0,-92.5,-4.4,357.7,-0.194773,0.303143,-0.063116*27
$CV1,93,9300,1,0,-93.7,-6.1,357.6,-0.182637,0.364775,-0.009833*24
$CV1,94,9400,1,0,-95.8,-5.9,356.4,-0.162207,0.415446,0.043580*08
$CV1,95,9500,0,-1,0.0,0.0,0.0,0.000000,0.000000,0.000000*38
$CV1,96,9600,1,0,-100.7,-1.2,356.6,-0.130702,0.487118,0.079705*33
$CV1,97,9700,1,0,-105.7,2.2,354.7,-0.109984,0.524365,0.055938*1F
$CV1,98,9800,1,0,-112.0,4.3,351.3,-0.059814,0.601939,0.020826*1F
$CV1,99,9900,1,0,-113.7,5.0,349.1,-0.050985,0.609497,0.014245*19
$CV1,100,10000,1,0,-115.7,6.1,347.7,-0.047092,0.568304,-0.001021*3C
$CV1,101,10100,1,0,-118.5,6.9,346.6,-0.045644,0.549985,-0.032204*31
$CV1,102,10200,1,0,-121.8,8.0,345.7,-0.055487,0.443600,-0.073409*38
$CV1,103,10300,1,0,-126.5,8.7,347.8,-0.077241,0.338636,-0.122226*34
$CV1,104,10400,1,0,-134.5,8.0,347.4,-0.100548,0.190751,-0.191725*3D
$CV1,105,10500,1,0,-143.0,8.9,348.3,-0.109437,0.097471,-0.246244*35
$CV1,106,10600,1,0,-152.5,9.8,348.5,-0.127942,-0.011711,-0.310006*15
$CV1,107,10700,1,0,-159.0,11.2,348.9,-0.142044,-0.071489,-0.354436*2B
$CV1,108,10800,1,0,-166.1,13.5,349.3,-0.158151,-0.118686,-0.399031*27
$CV1,109,10900,0,-1,0.0,0.0,0.0,0.000000,0.000000,0.000000*38
$CV1,110,11000,0,-1,0.0,0.0,0.0,0.000000,0.000000,0.000000*38
$CV1,111,11100,0,-1,0.0,0.0,0.0,0.000000,0.000000,0.000000*38
$CV1,112,11200,0,-1,0.0,0.0,0.0,0.000000,0.000000,0.000000*38
$CV1,113,11300,0,-1,0.0,0.0,0.0,0.000000,0.000000,0.000000*38
$CV1,114,11400,0,-1,0.0,0.0,0.0,0.000000,0.000000,0.000000*38
$CV1,115,11500,1,0,-184.9,19.0,357.9,-0.182423,-0.029662,-0.365373*21
$CV1,116,11600,1,0,-181.9,17.6,359.6,-0.171327,-0.001950,-0.339327*2E
$CV1,117,11700,1,0,-177.9,15.7,360.7,-0.161488,0.039772,-0.317926*03
$CV1,118,11800,1,0,-170.2,13.0,361.2,-0.157096,0.056982,-0.300619*09
$CV1,119,11900,1,0,-162.2,11.6,360.2,-0.153273,0.060976,-0.293132*09
$CV1,120,12000,1,0,-148.6,9.6,357.9,-0.143976,0.049535,-0.280545*3A
$CV1,121,12100,1,0,-132.2,7.6,355.7,-0.134796,0.029806,-0.268600*3E
$CV1,122,12200,1,0,-118.2,6.0,353.1,-0.129545,0.007393,-0.263460*35
$CV1,123,12300,1,0,-99.6,5.5,348.9,-0.134652,-0.032730,-0.267333*27
$CV1,124,12400,1,0,-81.8,4.7,344.3,-0.136863,-0.057651,-0.262651*2A
$CV1,125,12500,1,0,-69.2,4.1,341.1,-0.144861,-0.090728,-0.258383*27
$CV1,126,12600,1,0,-58.0,3.9,336.8,-0.149709,-0.114910,-0.256575*24
$CV1,127,12700,1,0,-45.8,5.2,331.3,-0.161254,-0.138056,-0.263748*29
$CV1,128,12800,1,0,-37.6,7.5,326.2,-0.171851,-0.159611,-0.275719*2F
$CV1,129,12900,1,0,-33.0,8.9,323.7,-0.178627,-0.178616,-0.279988*26
$CV1,130,13000,1,0,-31.1,9.3,322.9,-0.186062,-0.193116,-0.275231*20
$CV1,131,13100,1,0,-31.5,10.8,322.3,-0.194832,-0.216897,-0.271975*12
$CV1,132,13200,1,0,-33.2,12.5,322.3,-0.207588,-0.258321,-0.280539*1B
$CV1,133,13300,1,0,-35.2,13.6,323.7,-0.228490,-0.291347,-0.290506*17
$CV1,134,13400,1,0,-37.4,13.3,325.3,-0.252270,-0.316817,-0.300393*13
$CV1,135,13500,1,0,-38.5,12.9,325.5,-0.259120,-0.324117,-0.306438*15
$CV1,136,13600,1,0,-39.1,12.9,326.4,-0.265533,-0.335176,-0.307666*14
$CV1,137,13700,1,0,-39.5,12.7,327.4,-0.271413,-0.338026,-0.309112*1A
$CV1,138,13800,1,0,-40.4,12.8,328.9,-0.285038,-0.357659,-0.310007*14
$CV1,139,13900,1,0,-41.7,13.0,329.5,-0.297011,-0.377049,-0.314776*1A
$CV1,140,14000,1,0,-43.6,13.7,329.8,-0.314346,-0.405515,-0.322850*18
$CV1,141,14100,1,0,-44.9,14.6,329.5,-0.324838,-0.419378,-0.326683*1E
$CV1,142,14200,1,0,-46.4,15.1,329.7,-0.341273,-0.450787,-0.332905*1E
$CV1,143,14300,1,0,-47.9,16.0,329.8,-0.358327,-0.474643,-0.344116*13
$CV1,144,14400,1,0,-49.1,17.4,330.5,-0.370156,-0.485204,-0.351053*16
$CV1,145,14500,1,0,-50.6,17.8,330.6,-0.378230,-0.489125,-0.350997*11
$CV1,146,14600,1,0,-51.8,16.4,332.8,-0.360850,-0.418040,-0.344976*1A
$CV1,147,14700,1,0,-51.7,13.8,335.0,-0.321618,-0.342308,-0.321537*19
$CV1,148,14800,1,0,-51.1,11.0,338.2,-0.279956,-0.274157,-0.289489*18
$CV1,149,14900,1,0,-51.2,7.5,343.2,-0.219241,-0.151227,-0.257291*22
$CV1,150,15000,1,0,-53.0,4.4,344.7,-0.154855,-0.082825,-0.225536*2F
$CV1,151,15100,1,0,-54.0,1.1,343.0,-0.087020,-0.020532,-0.201587*22
$CV1,152,15200,1,0,-56.4,-1.8,337.5,-0.002924,0.056574,-0.186011*2E
$CV1,153,15300,1,0,-59.6,-2.9,329.6,0.056805,0.140218,-0.172717*02
$CV1,154,15400,1,0,-63.1,-1.6,323.9,0.102067,0.177753,-0.170286*08
$CV1,155,15500,1,0,-64.5,-1.6,320.0,0.134774,0.216430,-0.165751*08
$CV1,156,15600,1,0,-65.5,-0.8,316.5,0.160886,0.233157,-0.158637*09
$CV1,157,15700,1,0,-65.5,-1.2,312.2,0.153771,0.230076,-0.152807*00
$CV1,158,15800,1,0,-65.0,-1.7,304.1,0.135443,0.213326,-0.147478*01
$CV1,159,15900,1,0,-64.6,-2.8,294.1,0.120613,0.201041,-0.143138*05
$CV1,160,16000,1,0,-64.1,-5.3,283.0,0.110629,0.184970,-0.140246*0F
$CV1,161,16100,1,0,-64.5,-8.1,271.2,0.105791,0.179201,-0.136492*0C
$CV1,162,16200,1,0,-65.5,-11.2,261.1,0.099333,0.171344,-0.138421*32
$CV1,163,16300,1,0,-66.9,-12.6,253.6,0.103229,0.179007,-0.133322*37
$CV1,164,16400,1,0,-67.8,-13.4,247.6,0.109570,0.186383,-0.128727*34
$CV1,165,16500,1,0,-68.2,-13.0,245.3,0.110451,0.188313,-0.126257*33
$CV1,166,16600,1,0,-68.5,-13.4,242.3,0.116694,0.189853,-0.124621*33
$CV1,167,16700,1,0,-68.3,-13.4,241.3,0.116881,0.192011,-0.122339*32
$CV1,168,16800,1,0,-67.8,-13.1,240.7,0.116102,0.186929,-0.124810*35
$CV1,169,16900,1,0,-68.2,-12.9,241.8,0.115018,0.186459,-0.127958*3A
$CV1,170,17000,1,0,-69.1,-12.3,244.7,0.112396,0.185526,-0.131639*3F
$CV1,171,17100,1,0,-69.7,-11.3,251.5,0.111861,0.178889,-0.135813*34
$CV1,172,17200,1,0,-70.0,-12.2,264.4,0.110675,0.171909,-0.145790*37
$CV1,173,17300,1,0,-70.8,-13.7,281.1,0.096804,0.176447,-0.152650*39
$CV1,174,17400,1,0,-71.3,-15.1,300.8,0.083287,0.177535,-0.149983*39
$CV1,175,17500,1,0,-70.3,-16.3,317.1,0.066480,0.174779,-0.144418*37
$CV1,176,17600,1,0,-69.2,-17.0,339.2,0.044507,0.169596,-0.145128*35
$CV1,177,17700,1,0,-68.1,-16.6,359.7,0.022407,0.163523,-0.144736*3E
$CV1,178,17800,1,0,-67.2,-13.0,380.8,-0.017878,0.144628,-0.138520*16
$CV1,179,17900,1,0,-67.1,-9.2,394.2,-0.047387,0.131659,-0.131706*26
$CV1,180,18000,1,0,-68.6,-5.0,404.6,-0.071471,0.116532,-0.138320*23
$CV1,181,18100,1,0,-69.4,-3.5,408.3,-0.078935,0.110712,-0.142046*26
$CV1,182,18200,1,0,-69.4,-2.8,408.7,-0.084924,0.111544,-0.149417*26
$CV1,183,18300,1,0,-69.0,-1.9,408.9,-0.089416,0.094055,-0.167465*2F
$CV1,184,18400,1,0,-70.5,-1.5,407.3,-0.095854,0.084599,-0.212435*2C
$CV1,185,18500,1,0,-74.8,-1.1,408.6,-0.112943,0.051727,-0.277916*22
$CV1,186,18600,1,0,-82.4,-1.1,408.4,-0.128377,0.057904,-0.355049*2A
$CV1,187,18700,1,0,-88.5,0.7,408.0,-0.139736,0.057764,-0.418152*03
$CV1,188,18800,1,0,-95.8,4.5,406.2,-0.138410,0.047740,-0.484340*0D
$CV1,189,18900,1,0,-100.6,9.1,403.3,-0.148244,0.040657,-0.534900*37
$CV1,190,19000,1,0,-104.2,12.5,401.6,-0.146720,0.032576,-0.562115*0D
$CV1,191,19100,1,0,-108.7,16.7,399.5,-0.141203,0.037902,-0.588282*07
$CV1,192,19200,1,0,-112.2,19.8,399.1,-0.146555,0.033126,-0.614533*0F
$CV1,193,19300,1,0,-113.8,20.5,399.2,-0.146911,0.032094,-0.625001*03
$CV1,194,19400,1,0,-115.0,21.3,399.5,-0.149172,0.032800,-0.629213*07
$CV1,195,19500,1,0,-116.4,22.5,399.0,-0.151826,0.029810,-0.635594*0F
$CV1,196,19600,1,0,-117.7,22.4,400.3,-0.152031,0.029468,-0.633691*06
$CV1,197,19700,1,0,-118.4,20.7,401.0,-0.157607,0.031055,-0.617824*0A
$CV1,198,19800,1,0,-118.1,17.9,403.2,-0.160758,0.038209,-0.586834*02
$CV1,199,19900,1,0,-116.6,13.0,405.5,-0.154602,0.066087,-0.530179*0C
$CV1,200,20000,1,0,-113.9,5.0,407.2,-0.142191,0.074635,-0.456432*39
$CV1,201,20100,1,0,-109.8,-3.1,408.1,-0.128851,0.090560,-0.383138*15
$CV1,202,20200,1,0,-104.4,-11.6,407.3,-0.107797,0.114526,-0.304404*2F
$CV1,203,20300,1,0,-96.5,-20.3,407.3,-0.094549,0.137215,-0.200388*19
$CV1,204,20400,1,0,-91.6,-22.6,406.2,-0.076762,0.172019,-0.115815*1A
$CV1,205,20500,1,0,-86.3,-23.4,402.9,-0.053796,0.231388,-0.011376*1D
$CV1,206,20600,1,0,-82.2,-22.6,400.0,-0.037778,0.281725,0.092287*33
$CV1,207,20700,1,0,-81.5,-18.6,397.1,-0.038192,0.293533,0.147199*38
$CV1,208,20800,1,0,-83.6,-14.6,396.4,-0.050039,0.250702,0.146071*36
$CV1,209,20900,1,0,-83.2,-12.3,397.1,-0.069741,0.217518,0.124745*39
$CV1,210,21000,1,0,-82.8,-9.8,399.9,-0.076966,0.207167,0.105916*06
$CV1,211,21100,1,0,-83.7,-7.3,402.6,-0.091596,0.212537,0.085707*0F
$CV1,212,21200,1,0,-86.1,-6.6,402.9,-0.104863,0.196668,0.077567*02
$CV1,213,21300,1,0,-88.3,-6.7,402.7,-0.109590,0.202049,0.084948*0B
$CV1,214,21400,1,0,-88.7,-6.6,402.0,-0.116101,0.197045,0.091424*0B
$CV1,215,21500,1,0,-89.6,-5.7,399.4,-0.131868,0.195086,0.081948*00
$CV1,216,21600,1,0,-90.5,-5.9,398.6,-0.154853,0.203953,0.067568*06
$CV1,217,21700,1,0,-90.7,-6.6,396.8,-0.165778,0.214752,0.046380*06
$CV1,218,21800,1,0,-90.3,-7.3,395.6,-0.183904,0.188084,0.039091*07
$CV1,219,21900,1,0,-89.9,-8.4,395.4,-0.187562,0.164633,0.038390*0C
$CV1,220,22000,1,0,-89.6,-8.7,394.7,-0.192369,0.151915,0.028440*0D
$CV1,221,22100,1,0,-89.7,-9.5,395.6,-0.202538,0.136746,0.018369*01
$CV1,222,22200,1,0,-89.4,-12.1,395.2,-0.227404,0.095681,0.010857*3D
$CV1,223,22300,1,0,-89.9,-14.9,395.6,-0.259912,0.038440,0.002102*3B
$CV1,224,22400,1,0,-91.9,-17.6,395.9,-0.263272,0.036588,-0.004273*10
$CV1,225,22500,1,0,-94.5,-20.1,395.6,-0.248475,0.060514,0.001516*37
$CV1,226,22600,1,0,-96.6,-19.9,395.6,-0.246559,0.085364,-0.000046*13
$CV1,227,22700,1,0,-97.9,-19.4,395.4,-0.241181,0.102327,0.000854*3B
$CV1,228,22800,1,0,-99.9,-20.1,395.2,-0.238034,0.102432,-0.000658*11
$CV1,229,22900,1,0,-101.9,-19.6,395.6,-0.243115,0.113322,-0.000280*21
$CV1,230,23000,1,0,-103.8,-19.2,394.2,-0.237779,0.116350,-0.002149*28
$CV1,231,23100,1,0,-105.1,-18.2,394.7,-0.242022,0.122311,0.001204*0E
$CV1,232,23200,1,0,-105.9,-18.8,394.5,-0.240072,0.118441,0.001643*05
$CV1,233,23300,1,0,-105.9,-19.4,395.5,-0.241283,0.119105,0.000303*00
$CV1,234,23400,1,0,-105.3,-19.7,395.2,-0.233992,0.125581,-0.003548*20
$CV1,235,23500,1,0,-104.1,-19.2,394.8,-0.234990,0.124254,-0.005436*28
$CV1,236,23600,1,0,-102.1,-20.0,394.8,-0.238996,0.123499,-0.004586*27
$CV1,237,23700,1,0,-100.6,-20.3,394.2,-0.238286,0.121233,-0.009870*2C
$CV1,238,23800,1,0,-101.1,-20.7,393.8,-0.236871,0.123166,-0.013799*2D
$CV1,239,23900,1,0,-102.9,-20.0,391.7,-0.234095,0.133716,-0.001342*2D
$CV1,240,24000,1,0,-103.4,-20.4,392.3,-0.242066,0.131742,-0.005601*2A
$CV1,241,24100,1,0,-102.5,-19.9,392.5,-0.238352,0.133042,-0.010295*2A
$CV1,242,24200,1,0,-101.8,-20.3,392.3,-0.233725,0.128067,-0.013395*22
$CV1,243,24300,1,0,-101.2,-20.1,392.4,-0.232226,0.126595,-0.012521*24
$CV1,244,24400,1,0,-100.2,-21.9,391.7,-0.239974,0.109867,-0.015500*22
$CV1,245,24500,1,0,-98.6,-24.9,391.4,-0.245575,0.092248,-0.027679*1E
$CV1,246,24600,1,0,-96.5,-29.8,388.6,-0.250576,0.085049,-0.064991*19
$CV1,247,24700,1,0,-95.5,-32.0,384.8,-0.244733,0.096541,-0.095325*18
$CV1,248,24800,1,0,-95.6,-33.0,379.5,-0.256651,0.097469,-0.108421*1F
$CV1,249,24900,0,-1,0.0,0.0,0.0,0.000000,0.000000,0.000000*38
$CV1,250,25000,1,0,-99.8,-30.7,370.7,-0.272101,0.113482,-0.071409*1B
$CV1,251,25100,1,0,-103.0,-26.5,368.8,-0.254159,0.138607,-0.043236*26
$CV1,252,25200,1,0,-106.4,-24.8,368.6,-0.241716,0.148733,-0.018720*22
$CV1,253,25300,1,0,-108.5,-27.2,369.7,-0.249749,0.144280,-0.008451*23
$CV1,254,25400,1,0,-109.0,-28.3,368.8,-0.257183,0.133026,-0.043718*27
$CV1,255,25500,1,0,-108.9,-28.6,367.8,-0.253020,0.147559,-0.074474*2A
$CV1,256,25600,1,0,-109.1,-27.2,365.8,-0.248809,0.150476,-0.052596*20
$CV1,257,25700,1,0,-110.1,-25.7,364.8,-0.250020,0.154243,-0.028657*23
$CV1,258,25800,0,-1,0.0,0.0,0.0,0.000000,0.000000,0.000000*38
$CV1,259,25900,0,-1,0.0,0.0,0.0,0.000000,0.000000,0.000000*38
$CV1,260,26000,1,0,-110.5,-22.6,362.3,-0.250658,0.153378,-0.047177*27
$CV1,261,26100,1,0,-110.1,-19.2,364.5,-0.210620,0.129095,-0.061010*2D
$CV1,262,26200,1,0,-109.4,-15.8,362.7,-0.207322,0.158651,-0.105029*22
$CV1,263,26300,1,0,-110.5,-11.5,359.1,-0.215150,0.131143,-0.161364*2B
$CV1,264,26400,1,0,-113.2,-8.3,357.4,-0.213884,0.117828,-0.208039*1B
$CV1,265,26500,1,0,-116.0,-5.8,354.5,-0.218344,0.116288,-0.249888*12
$CV1,266,26600,1,0,-119.2,-3.1,353.6,-0.223217,0.102384,-0.291951*13
$CV1,267,26700,1,0,-121.0,0.1,351.5,-0.235715,0.103469,-0.334952*3D
$CV1,268,26800,1,0,-122.5,1.8,350.3,-0.238464,0.090258,-0.357858*3D
$CV1,269,26900,1,0,-123.4,5.2,349.0,-0.237210,0.087292,-0.380311*3E
$CV1,270,27000,1,0,-123.3,8.4,345.7,-0.239987,0.082331,-0.398550*35
$CV1,271,27100,1,0,-122.7,10.7,344.8,-0.244349,0.076577,-0.402806*03
$CV1,272,27200,1,0,-121.3,10.2,343.8,-0.236674,0.086343,-0.398410*09
$CV1,273,27300,1,0,-120.0,10.4,343.0,-0.237940,0.103792,-0.407381*06
$CV1,274,27400,1,0,-120.3,10.9,342.6,-0.235427,0.111405,-0.406233*06
$CV1,275,27500,1,0,-121.3,11.2,343.1,-0.231860,0.114895,-0.405640*03
$CV1,276,27600,1,0,-121.3,10.6,344.4,-0.234333,0.134056,-0.399369*05
$CV1,277,27700,1,0,-121.2,10.7,345.0,-0.237182,0.145590,-0.391704*05
$CV1,278,27800,0,-1,0.0,0.0,0.0,0.000000,0.000000,0.000000*38
$CV1,279,27900,0,-1,0.0,0.0,0.0,0.000000,0.000000,0.000000*38
$CV1,280,28000,0,-1,0.0,0.0,0.0,0.000000,0.000000,0.000000*38
$CV1,281,28100,1,0,-107.0,0.5,363.2,-0.165281,0.213164,-0.253169*3F
$CV1,282,28200,0,-1,0.0,0.0,0.0,0.000000,0.000000,0.000000*38
$CV1,283,28300,0,-1,0.0,0.0,0.0,0.000000,0.000000,0.000000*38
$CV1,284,28400,1,0,-91.5,-18.5,377.8,-0.108050,0.353442,-0.103454*13
$CV1,285,28500,0,-1,0.0,0.0,0.0,0.000000,0.000000,0.000000*38
$CV1,286,28600,0,-1,0.0,0.0,0.0,0.000000,0.000000,0.000000*38
$CV1,287,28700,0,-1,0.0,0.0,0.0,0.000000,0.000000,0.000000*38
$CV1,288,28800,0,-1,0.0,0.0,0.0,0.000000,0.000000,0.000000*38
$CV1,289,28900,0,-1,0.0,0.0,0.0,0.000000,0.000000,0.000000*38
$CV1,290,29000,0,-1,0.0,0.0,0.0,0.000000,0.000000,0.000000*38
$CV1,291,29100,0,-1,0.0,0.0,0.0,0.000000,0.000000,0.000000*38
$CV1,292,29200,0,-1,0.0,0.0,0.0,0.000000,0.000000,0.000000*38
$CV1,293,29300,0,-1,0.0,0.0,0.0,0.000000,0.000000,0.000000*38
$CV1,294,29400,0,-1,0.0,0.0,0.0,0.000000,0.000000,0.000000*38
$CV1,295,29500,1,0,-105.6,-13.5,368.3,-0.164211,0.076450,-0.365321*2F
$CV1,296,29600,0,-1,0.0,0.0,0.0,0.000000,0.000000,0.000000*38
$CV1,297,29700,0,-1,0.0,0.0,0.0,0.000000,0.000000,0.000000*38
$CV1,298,29800,0,-1,0.0,0.0,0.0,0.000000,0.000000,0.000000*38
$CV1,299,29900,1,0,-125.5,-10.8,363.7,-0.200218,-0.066414,-0.410970*00
$CV1,300,30000,1,0,-126.8,-6.9,357.8,-0.209998,-0.134542,-0.443211*34
$CV1,301,30100,1,0,-126.5,-2.6,357.0,-0.215147,-0.095439,-0.466845*36
$CV1,302,30200,0,-1,0.0,0.0,0.0,0.000000,0.000000,0.000000*38
$CV1,303,30300,0,-1,0.0,0.0,0.0,0.000000,0.000000,0.000000*38
$CV1,304,30400,0,-1,0.0,0.0,0.0,0.000000,0.000000,0.000000*38
$CV1,305,30500,0,-1,0.0,0.0,0.0,0.000000,0.000000,0.000000*38
$CV1,306,30600,0,-1,0.0,0.0,0.0,0.000000,0.000000,0.000000*38
$CV1,307,30700,0,-1,0.0,0.0,0.0,0.000000,0.000000,0.000000*38
$CV1,308,30800,0,-1,0.0,0.0,0.0,0.000000,0.000000,0.000000*38
$CV1,309,30900,0,-1,0.0,0.0,0.0,0.000000,0.000000,0.000000*38
$CV1,310,31000,0,-1,0.0,0.0,0.0,0.000000,0.000000,0.000000*38
$CV1,311,31100,0,-1,0.0,0.0,0.0,0.000000,0.000000,0.000000*38
$CV1,312,31200,0,-1,0.0,0.0,0.0,0.000000,0.000000,0.000000*38
$CV1,313,31300,0,-1,0.0,0.0,0.0,0.000000,0.000000,0.000000*38
$CV1,314,31400,0,-1,0.0,0.0,0.0,0.000000,0.000000,0.000000*38
$CV1,315,31500,0,-1,0.0,0.0,0.0,0.000000,0.000000,0.000000*38
$CV1,316,31600,0,-1,0.0,0.0,0.0,0.000000,0.000000,0.000000*38
$CV1,317,31700,0,-1,0.0,0.0,0.0,0.000000,0.000000,0.000000*38
$CV1,318,31800,1,0,-152.5,29.9,354.3,-0.261652,0.055618,-0.482954*05
$CV1,319,31900,1,0,-138.9,28.4,353.3,-0.246126,0.025647,-0.475760*03
$CV1,320,32000,1,0,-119.9,25.9,351.6,-0.226544,0.018406,-0.461158*00
$CV1,321,32100,1,0,-106.9,27.2,353.4,-0.192684,0.063254,-0.466138*08
$CV1,322,32200,1,0,-93.3,28.2,360.0,-0.164844,0.201846,-0.460074*3F
$CV1,323,32300,1,0,-83.5,26.0,363.5,-0.186487,0.240163,-0.442680*3B
$CV1,324,32400,1,0,-79.4,25.9,362.4,-0.225700,0.209847,-0.432799*3F
$CV1,325,32500,1,0,-80.4,26.0,363.1,-0.250504,0.187634,-0.431222*3A
$CV1,326,32600,1,0,-80.8,25.1,363.1,-0.259869,0.177497,-0.431476*38
$CV1,327,32700,1,0,-80.3,24.8,362.6,-0.274336,0.177395,-0.440333*36
$CV1,328,32800,1,0,-80.0,25.1,361.8,-0.283152,0.177358,-0.440887*3D
$CV1,329,32900,1,0,-80.8,25.1,360.8,-0.281787,0.174183,-0.439076*37
$CV1,330,33000,1,0,-81.1,25.3,360.7,-0.279298,0.169183,-0.438832*3B
$CV1,331,33100,1,0,-81.4,25.5,359.7,-0.287504,0.177027,-0.439741*3B
$CV1,332,33200,1,0,-81.6,25.8,359.4,-0.298557,0.175651,-0.438907*37
$CV1,333,33300,1,0,-81.4,26.8,359.4,-0.291854,0.163344,-0.434595*3C
$CV1,334,33400,1,0,-81.1,27.6,359.9,-0.287088,0.150647,-0.434829*39
$CV1,335,33500,1,0,-80.5,27.5,361.4,-0.278241,0.153194,-0.441410*30
$CV1,336,33600,1,0,-80.5,27.9,362.2,-0.280468,0.152124,-0.444263*3E
$CV1,337,33700,1,0,-81.2,27.4,362.4,-0.283751,0.148780,-0.440661*38
$CV1,338,33800,1,0,-82.2,26.9,362.8,-0.287200,0.149647,-0.439063*3F
$CV1,339,33900,1,0,-82.5,26.6,362.1,-0.288294,0.151704,-0.439174*34
$CV1,340,34000,1,0,-83.3,27.3,361.9,-0.287502,0.153641,-0.444391*3A
$CV1,341,34100,1,0,-83.8,27.4,361.5,-0.289860,0.155253,-0.443266*32
$CV1,342,34200,1,0,-84.4,28.4,360.6,-0.289591,0.152956,-0.441712*3A
$CV1,343,34300,1,0,-85.3,28.7,360.9,-0.291443,0.148182,-0.445263*3A
$CV1,344,34400,1,0,-85.9,27.1,361.5,-0.295063,0.146205,-0.444676*35
$CV1,345,34500,1,0,-85.6,26.0,360.6,-0.297429,0.149952,-0.449542*3F
$CV1,346,34600,1,0,-86.4,26.3,360.9,-0.290812,0.147921,-0.457751*34
$CV1,347,34700,1,0,-87.7,26.5,360.7,-0.297092,0.153924,-0.451334*38
$CV1,348,34800,1,0,-89.0,26.4,359.9,-0.297303,0.152752,-0.446027*36
$CV1,349,34900,1,0,-89.6,26.3,359.9,-0.300983,0.153892,-0.447916*32
$CV1,350,35000,1,0,-89.1,26.2,359.9,-0.296949,0.151879,-0.451544*37
$CV1,351,35100,1,0,-88.9,26.0,359.8,-0.293763,0.148623,-0.456585*3D
$CV1,352,35200,1,0,-88.8,25.4,359.7,-0.295269,0.146807,-0.453904*3B
$CV1,353,35300,1,0,-86.7,25.4,360.1,-0.295329,0.126903,-0.444115*3E
$CV1,354,35400,0,-1,0.0,0.0,0.0,0.000000,0.000000,0.000000*38
$CV1,355,35500,0,-1,0.0,0.0,0.0,0.000000,0.000000,0.000000*38
$CV1,356,35600,0,-1,0.0,0.0,0.0,0.000000,0.000000,0.000000*38
$CV1,357,35700,0,-1,0.0,0.0,0.0,0.000000,0.000000,0.000000*38
$CV1,358,35800,0,-1,0.0,0.0,0.0,0.000000,0.000000,0.000000*38
$CV1,359,35900,0,-1,0.0,0.0,0.0,0.000000,0.000000,0.000000*38
$CV1,360,36000,0,-1,0.0,0.0,0.0,0.000000,0.000000,0.000000*38
$CV1,361,36100,0,-1,0.0,0.0,0.0,0.000000,0.000000,0.000000*38
$CV1,362,36200,0,-1,0.0,0.0,0.0,0.000000,0.000000,0.000000*38
$CV1,363,36300,0,-1,0.0,0.0,0.0,0.000000,0.000000,0.000000*38
$CV1,364,36400,0,-1,0.0,0.0,0.0,0.000000,0.000000,0.000000*38
$CV1,365,36500,0,-1,0.0,0.0,0.0,0.000000,0.000000,0.000000*38
$CV1,366,36600,0,-1,0.0,0.0,0.0,0.000000,0.000000,0.000000*38
$CV1,367,36700,0,-1,0.0,0.0,0.0,0.000000,0.000000,0.000000*38
$CV1,368,36800,0,-1,0.0,0.0,0.0,0.000000,0.000000,0.000000*38
$CV1,369,36900,0,-1,0.0,0.0,0.0,0.000000,0.000000,0.000000*38
$CV1,370,37000,0,-1,0.0,0.0,0.0,0.000000,0.000000,0.000000*38
$CV1,371,37100,0,-1,0.0,0.0,0.0,0.000000,0.000000,0.000000*38
$CV1,372,37200,0,-1,0.0,0.0,0.0,0.000000,0.000000,0.000000*38
$CV1,373,37300,0,-1,0.0,0.0,0.0,0.000000,0.000000,0.000000*38
$CV1,374,37400,0,-1,0.0,0.0,0.0,0.000000,0.000000,0.000000*38
$CV1,375,37500,0,-1,0.0,0.0,0.0,0.000000,0.000000,0.000000*38
$CV1,376,37600,0,-1,0.0,0.0,0.0,0.000000,0.000000,0.000000*38
$CV1,377,37700,0,-1,0.0,0.0,0.0,0.000000,0.000000,0.000000*38
$CV1,378,37800,0,-1,0.0,0.0,0.0,0.000000,0.000000,0.000000*38
$CV1,379,37900,0,-1,0.0,0.0,0.0,0.000000,0.000000,0.000000*38
$CV1,380,38000,0,-1,0.0,0.0,0.0,0.000000,0.000000,0.000000*38
$CV1,381,38100,0,-1,0.0,0.0,0.0,0.000000,0.000000,0.000000*38
$CV1,382,38200,0,-1,0.0,0.0,0.0,0.000000,0.000000,0.000000*38
$CV1,383,38300,0,-1,0.0,0.0,0.0,0.000000,0.000000,0.000000*38
$CV1,384,38400,0,-1,0.0,0.0,0.0,0.000000,0.000000,0.000000*38
$CV1,385,38500,0,-1,0.0,0.0,0.0,0.000000,0.000000,0.000000*38
$CV1,386,38600,0,-1,0.0,0.0,0.0,0.000000,0.000000,0.000000*38
$CV1,387,38700,0,-1,0.0,0.0,0.0,0.000000,0.000000,0.000000*38
$CV1,388,38800,0,-1,0.0,0.0,0.0,0.000000,0.000000,0.000000*38
$CV1,389,38900,0,-1,0.0,0.0,0.0,0.000000,0.000000,0.000000*38
$CV1,390,39000,0,-1,0.0,0.0,0.0,0.000000,0.000000,0.000000*38
$CV1,391,39100,0,-1,0.0,0.0,0.0,0.000000,0.000000,0.000000*38
$CV1,392,39200,0,-1,0.0,0.0,0.0,0.000000,0.000000,0.000000*38
$CV1,393,39300,0,-1,0.0,0.0,0.0,0.000000,0.000000,0.000000*38
$CV1,394,39400,0,-1,0.0,0.0,0.0,0.000000,0.000000,0.000000*38
$CV1,395,39500,0,-1,0.0,0.0,0.0,0.000000,0.000000,0.000000*38
$CV1,396,39600,0,-1,0.0,0.0,0.0,0.000000,0.000000,0.000000*38
$CV1,397,39700,0,-1,0.0,0.0,0.0,0.000000,0.000000,0.000000*38
$CV1,398,39800,0,-1,0.0,0.0,0.0,0.000000,0.000000,0.000000*38
$CV1,399,39900,0,-1,0.0,0.0,0.0,0.000000,0.000000,0.000000*38
$CV1,400,40000,0,-1,0.0,0.0,0.0,0.000000,0.000000,0.000000*38
$CV1,401,40100,0,-1,0.0,0.0,0.0,0.000000,0.000000,0.000000*38
$CV1,402,40200,0,-1,0.0,0.0,0.0,0.000000,0.000000,0.000000*38
$CV1,403,40300,0,-1,0.0,0.0,0.0,0.000000,0.000000,0.000000*38
$CV1,404,40400,0,-1,0.0,0.0,0.0,0.000000,0.000000,0.000000*38
$CV1,405,40500,0,-1,0.0,0.0,0.0,0.000000,0.000000,0.000000*38
$CV1,406,40600,0,-1,0.0,0.0,0.0,0.000000,0.000000,0.000000*38
$CV1,407,40700,0,-1,0.0,0.0,0.0,0.000000,0.000000,0.000000*38
$CV1,408,40800,0,-1,0.0,0.0,0.0,0.000000,0.000000,0.000000*38
$CV1,409,40900,0,-1,0.0,0.0,0.0,0.000000,0.000000,0.000000*38
$CV1,410,41000,0,-1,0.0,0.0,0.0,0.000000,0.000000,0.000000*38
$CV1,411,41100,0,-1,0.0,0.0,0.0,0.000000,0.000000,0.000000*38
$CV1,412,41200,0,-1,0.0,0.0,0.0,0.000000,0.000000,0.000000*38
$CV1,413,41300,0,-1,0.0,0.0,0.0,0.000000,0.000000,0.000000*38
$CV1,414,41400,0,-1,0.0,0.0,0.0,0.000000,0.000000,0.000000*38
$CV1,415,41500,0,-1,0.0,0.0,0.0,0.000000,0.000000,0.000000*38
$CV1,416,41600,0,-1,0.0,0.0,0.0,0.000000,0.000000,0.000000*38
$CV1,417,41700,0,-1,0.0,0.0,0.0,0.000000,0.000000,0.000000*38
$CV1,418,41800,0,-1,0.0,0.0,0.0,0.000000,0.000000,0.000000*38
$CV1,419,41900,0,-1,0.0,0.0,0.0,0.000000,0.000000,0.000000*38
$CV1,420,42000,0,-1,0.0,0.0,0.0,0.000000,0.000000,0.000000*38
$CV1,421,42100,0,-1,0.0,0.0,0.0,0.000000,0.000000,0.000000*38
$CV1,422,42200,0,-1,0.0,0.0,0.0,0.000000,0.000000,0.000000*38
$CV1,423,42300,0,-1,0.0,0.0,0.0,0.000000,0.000000,0.000000*38
$CV1,424,42400,0,-1,0.0,0.0,0.0,0.000000,0.000000,0.000000*38
$CV1,425,42500,0,-1,0.0,0.0,0.0,0.000000,0.000000,0.000000*38
$CV1,426,42600,0,-1,0.0,0.0,0.0,0.000000,0.000000,0.000000*38
$CV1,427,42700,0,-1,0.0,0.0,0.0,0.000000,0.000000,0.000000*38
$CV1,428,42800,0,-1,0.0,0.0,0.0,0.000000,0.000000,0.000000*38
$CV1,429,42900,0,-1,0.0,0.0,0.0,0.000000,0.000000,0.000000*38
$CV1,430,43000,0,-1,0.0,0.0,0.0,0.000000,0.000000,0.000000*38
$CV1,431,43100,0,-1,0.0,0.0,0.0,0.000000,0.000000,0.000000*38
$CV1,432,43200,0,-1,0.0,0.0,0.0,0.000000,0.000000,0.000000*38
$CV1,433,43300,0,-1,0.0,0.0,0.0,0.000000,0.000000,0.000000*38
$CV1,434,43400,0,-1,0.0,0.0,0.0,0.000000,0.000000,0.000000*38
$CV1,435,43500,0,-1,0.0,0.0,0.0,0.000000,0.000000,0.000000*38
$CV1,436,43600,0,-1,0.0,0.0,0.0,0.000000,0.000000,0.000000*38
$CV1,437,43700,0,-1,0.0,0.0,0.0,0.000000,0.000000,0.000000*38
$CV1,438,43800,0,-1,0.0,0.0,0.0,0.000000,0.000000,0.000000*38
$CV1,439,43900,0,-1,0.0,0.0,0.0,0.000000,0.000000,0.000000*38
$CV1,440,44000,0,-1,0.0,0.0,0.0,0.000000,0.000000,0.000000*38
$CV1,441,44100,0,-1,0.0,0.0,0.0,0.000000,0.000000,0.000000*38
$CV1,442,44200,0,-1,0.0,0.0,0.0,0.000000,0.000000,0.000000*38
$CV1,443,44300,0,-1,0.0,0.0,0.0,0.000000,0.000000,0.000000*38
$CV1,444,44400,0,-1,0.0,0.0,0.0,0.000000,0.000000,0.000000*38
$CV1,445,44500,0,-1,0.0,0.0,0.0,0.000000,0.000000,0.000000*38
$CV1,446,44600,0,-1,0.0,0.0,0.0,0.000000,0.000000,0.000000*38
$CV1,447,44700,0,-1,0.0,0.0,0.0,0.000000,0.000000,0.000000*38
$CV1,448,44800,0,-1,0.0,0.0,0.0,0.000000,0.000000,0.000000*38
$CV1,449,44900,0,-1,0.0,0.0,0.0,0.000000,0.000000,0.000000*38
$CV1,450,45000,0,-1,0.0,0.0,0.0,0.000000,0.000000,0.000000*38
$CV1,451,45100,0,-1,0.0,0.0,0.0,0.000000,0.000000,0.000000*38
$CV1,452,45200,0,-1,0.0,0.0,0.0,0.000000,0.000000,0.000000*38
$CV1,453,45300,0,-1,0.0,0.0,0.0,0.000000,0.000000,0.000000*38
$CV1,454,45400,0,-1,0.0,0.0,0.0,0.000000,0.000000,0.000000*38
$CV1,455,45500,0,-1,0.0,0.0,0.0,0.000000,0.000000,0.000000*38
$CV1,456,45600,0,-1,0.0,0.0,0.0,0.000000,0.000000,0.000000*38
$CV1,457,45700,0,-1,0.0,0.0,0.0,0.000000,0.000000,0.000000*38
$CV1,458,45800,0,-1,0.0,0.0,0.0,0.000000,0.000000,0.000000*38
$CV1,459,45900,0,-1,0.0,0.0,0.0,0.000000,0.000000,0.000000*38
$CV1,460,46000,0,-1,0.0,0.0,0.0,0.000000,0.000000,0.000000*38
$CV1,461,46100,0,-1,0.0,0.0,0.0,0.000000,0.000000,0.000000*38
$CV1,462,46200,0,-1,0.0,0.0,0.0,0.000000,0.000000,0.000000*38
$CV1,463,46300,0,-1,0.0,0.0,0.0,0.000000,0.000000,0.000000*38
$CV1,464,46400,0,-1,0.0,0.0,0.0,0.000000,0.000000,0.000000*38
$CV1,465,46500,0,-1,0.0,0.0,0.0,0.000000,0.000000,0.000000*38
$CV1,466,46600,0,-1,0.0,0.0,0.0,0.000000,0.000000,0.000000*38
$CV1,467,46700,0,-1,0.0,0.0,0.0,0.000000,0.000000,0.000000*38
$CV1,468,46800,0,-1,0.0,0.0,0.0,0.000000,0.000000,0.000000*38
$CV1,469,46900,0,-1,0.0,0.0,0.0,0.000000,0.000000,0.000000*38
$CV1,470,47000,0,-1,0.0,0.0,0.0,0.000000,0.000000,0.000000*38
$CV1,471,47100,0,-1,0.0,0.0,0.0,0.000000,0.000000,0.000000*38
$CV1,472,47200,0,-1,0.0,0.0,0.0,0.000000,0.000000,0.000000*38
$CV1,473,47300,0,-1,0.0,0.0,0.0,0.000000,0.000000,0.000000*38
$CV1,474,47400,0,-1,0.0,0.0,0.0,0.000000,0.000000,0.000000*38
$CV1,475,47500,0,-1,0.0,0.0,0.0,0.000000,0.000000,0.000000*38
$CV1,476,47600,0,-1,0.0,0.0,0.0,0.000000,0.000000,0.000000*38
$CV1,477,47700,0,-1,0.0,0.0,0.0,0.000000,0.000000,0.000000*38
$CV1,478,47800,0,-1,0.0,0.0,0.0,0.000000,0.000000,0.000000*38
$CV1,479,47900,0,-1,0.0,0.0,0.0,0.000000,0.000000,0.000000*38
$CV1,480,48000,0,-1,0.0,0.0,0.0,0.000000,0.000000,0.000000*38
$CV1,481,48100,0,-1,0.0,0.0,0.0,0.000000,0.000000,0.000000*38
$CV1,482,48200,0,-1,0.0,0.0,0.0,0.000000,0.000000,0.000000*38
$CV1,483,48300,0,-1,0.0,0.0,0.0,0.000000,0.000000,0.000000*38
$CV1,484,48400,0,-1,0.0,0.0,0.0,0.000000,0.000000,0.000000*38
$CV1,485,48500,0,-1,0.0,0.0,0.0,0.000000,0.000000,0.000000*38
$CV1,486,48600,0,-1,0.0,0.0,0.0,0.000000,0.000000,0.000000*38
$CV1,487,48700,0,-1,0.0,0.0,0.0,0.000000,0.000000,0.000000*38
$CV1,488,48800,0,-1,0.0,0.0,0.0,0.000000,0.000000,0.000000*38
$CV1,489,48900,0,-1,0.0,0.0,0.0,0.000000,0.000000,0.000000*38
$CV1,490,49000,0,-1,0.0,0.0,0.0,0.000000,0.000000,0.000000*38
$CV1,491,49100,0,-1,0.0,0.0,0.0,0.000000,0.000000,0.000000*38
$CV1,492,49200,0,-1,0.0,0.0,0.0,0.000000,0.000000,0.000000*38
$CV1,493,49300,0,-1,0.0,0.0,0.0,0.000000,0.000000,0.000000*38
$CV1,494,49400,0,-1,0.0,0.0,0.0,0.000000,0.000000,0.000000*38
$CV1,495,49500,0,-1,0.0,0.0,0.0,0.000000,0.000000,0.000000*38
$CV1,496,49600,0,-1,0.0,0.0,0.0,0.000000,0.000000,0.000000*38
$CV1,497,49700,0,-1,0.0,0.0,0.0,0.000000,0.000000,0.000000*38
$CV1,498,49800,0,-1,0.0,0.0,0.0,0.000000,0.000000,0.000000*38
$CV1,499,49900,0,-1,0.0,0.0,0.0,0.000000,0.000000,0.000000*38
$CV1,500,50000,0,-1,0.0,0.0,0.0,0.000000,0.000000,0.000000*38
$CV1,501,50100,0,-1,0.0,0.0,0.0,0.000000,0.000000,0.000000*38
$CV1,502,50200,0,-1,0.0,0.0,0.0,0.000000,0.000000,0.000000*38
$CV1,503,50300,0,-1,0.0,0.0,0.0,0.000000,0.000000,0.000000*38
$CV1,504,50400,0,-1,0.0,0.0,0.0,0.000000,0.000000,0.000000*38
$CV1,505,50500,0,-1,0.0,0.0,0.0,0.000000,0.000000,0.000000*38
$CV1,506,50600,0,-1,0.0,0.0,0.0,0.000000,0.000000,0.000000*38
$CV1,507,50700,0,-1,0.0,0.0,0.0,0.000000,0.000000,0.000000*38
$CV1,508,50800,0,-1,0.0,0.0,0.0,0.000000,0.000000,0.000000*38
$CV1,509,50900,0,-1,0.0,0.0,0.0,0.000000,0.000000,0.000000*38
$CV1,510,51000,0,-1,0.0,0.0,0.0,0.000000,0.000000,0.000000*38
$CV1,511,51100,0,-1,0.0,0.0,0.0,0.000000,0.000000,0.000000*38
$CV1,512,51200,0,-1,0.0,0.0,0.0,0.000000,0.000000,0.000000*38
$CV1,513,51300,0,-1,0.0,0.0,0.0,0.000000,0.000000,0.000000*38
$CV1,514,51400,0,-1,0.0,0.0,0.0,0.000000,0.000000,0.000000*38
$CV1,515,51500,0,-1,0.0,0.0,0.0,0.000000,0.000000,0.000000*38
$CV1,516,51600,0,-1,0.0,0.0,0.0,0.000000,0.000000,0.000000*38
$CV1,517,51700,0,-1,0.0,0.0,0.0,0.000000,0.000000,0.000000*38
$CV1,518,51800,0,-1,0.0,0.0,0.0,0.000000,0.000000,0.000000*38
$CV1,519,51900,0,-1,0.0,0.0,0.0,0.000000,0.000000,0.000000*38
$CV1,520,52000,0,-1,0.0,0.0,0.0,0.000000,0.000000,0.000000*38
$CV1,521,52100,0,-1,0.0,0.0,0.0,0.000000,0.000000,0.000000*38
$CV1,522,52200,0,-1,0.0,0.0,0.0,0.000000,0.000000,0.000000*38
$CV1,523,52300,0,-1,0.0,0.0,0.0,0.000000,0.000000,0.000000*38
$CV1,524,52400,0,-1,0.0,0.0,0.0,0.000000,0.000000,0.000000*38
$CV1,525,52500,0,-1,0.0,0.0,0.0,0.000000,0.000000,0.000000*38
$CV1,526,52600,0,-1,0.0,0.0,0.0,0.000000,0.000000,0.000000*38
$CV1,527,52700,0,-1,0.0,0.0,0.0,0.000000,0.000000,0.000000*38
$CV1,528,52800,0,-1,0.0,0.0,0.0,0.000000,0.000000,0.000000*38
$CV1,529,52900,0,-1,0.0,0.0,0.0,0.000000,0.000000,0.000000*38
$CV1,530,53000,0,-1,0.0,0.0,0.0,0.000000,0.000000,0.000000*38
$CV1,531,53100,0,-1,0.0,0.0,0.0,0.000000,0.000000,0.000000*38
$CV1,532,53200,0,-1,0.0,0.0,0.0,0.000000,0.000000,0.000000*38
$CV1,533,53300,0,-1,0.0,0.0,0.0,0.000000,0.000000,0.000000*38
$CV1,534,53400,0,-1,0.0,0.0,0.0,0.000000,0.000000,0.000000*38
$CV1,535,53500,0,-1,0.0,0.0,0.0,0.000000,0.000000,0.000000*38
$CV1,536,53600,0,-1,0.0,0.0,0.0,0.000000,0.000000,0.000000*38
$CV1,537,53700,0,-1,0.0,0.0,0.0,0.000000,0.000000,0.000000*38
